0.0877592703327537 0.386870377697051 0.284206272568554 -0.113014010014012 0.147499332670122
0.611139797605574 0.122672361903824 -0.928892398253083 -0.0100736869499087 0.490249640541151
0.30139030655846 0.297405521501787 0.861477212514728 -0.485866477945819 0.211147063644603
0.613651903579012 0.127276123850606 -0.758382813539356 -0.870605592848733 0.401389662176371
0.38630800973624 0.420072917011566 0.603099583648145 -0.76107746292837 0.408804888604209
0.0788293348159641 0.272052840911783 0.52111486857757 -0.976161984959617 0.0825868779793382
0.692293776199222 0.471693041617982 -0.601488509215415 -0.63530758721754 0.980277287075296
0.0960321861784905 0.22636653308291 -0.152466889470816 -0.518553078640252 0.791811973787844
0.394722059601918 0.115131759550422 -0.168464063666761 -0.537566045997664 0.185213374905288
0.519984084647149 0.336642736918293 0.321845195256174 -0.238091536797583 0.349899724591523
0.255046287085861 0.0398462492739782 0.453811404760927 -0.160851962864399 0.982974030775949
0.79588896385394 0.397981875692494 0.936838984955102 -0.25608093617484 0.725147616351023
0.366850915364921 0.228678663144819 -0.243141798302531 -0.54710625950247 0.386639415286481
0.762160835321993 0.151825599838048 -0.789697991218418 -0.281996275531128 0.767711643828079
0.587546207010746 0.0539062672760338 0.0605629575438797 -0.671778573188931 0.600240355357528
0.464148768689483 0.250007346156053 -0.934281810652465 -0.884905393468216 0.791848226450384
0.37976185255684 0.0419672448188066 -0.328046887181699 -0.416704625822604 0.150222379015759
0.788400691235438 0.47857334848959 0.181953486986458 -0.679253397276625 0.918795606354252
0.0986833821516484 0.211921506212093 -0.744959409348667 -0.222506594844162 0.217169651063159
0.796249309089035 0.286705646198243 -0.480754179880023 -0.514867733232677 0.116320378845558
0.378765251021832 0.0528701721923426 -0.314827967435122 -0.158933729398996 0.552957775071263
0.726051670499146 0.480123575194739 -0.274862191639841 -0.323314417386428 0.0673416224308312
0.613411532249302 0.345825520693325 0.958284799475223 -0.292376442346722 0.272670124657452
0.41357578150928 0.398144716629758 -0.41261920100078 -0.46519961906597 0.16228284756653
0.694190189708024 0.114384017884731 -0.000957075040787458 -0.46963950432837 0.501801916863769
0.0108004426583648 0.117927958490327 0.778318188153207 -0.287782534956932 0.284459332469851
0.256748212501407 0.335215525934473 -0.249523317441344 -0.754486015066504 0.373159664683044
0.553362977923825 0.463717876584269 -0.483853102196008 -0.0406085629947484 0.576491315150633
0.0087287190835923 0.313281177543104 0.151973054278642 -0.309718832140788 0.176690961932763
0.730544274440035 0.045076877111569 -0.11505537526682 -0.515306917019188 0.922631812980399
0.178826975869015 0.0308585198363289 0.604582482483238 -0.0140792743768543 0.46815844415687
0.697607647860423 0.246698244824074 0.0863578729331493 -0.745088150259107 0.759287871420383
0.832193398149684 0.3254595764447 0.0894495197571814 -0.738050315529108 0.0432920246385038
0.583447032142431 0.470278962980956 -0.938388877548277 -0.182827332988381 0.400413436815143
0.213550518499687 0.491209203726612 -0.819305079989135 -0.138246563961729 0.555321004474536
0.451421478996053 0.399600100470707 -0.957783185411245 -0.279391619144008 0.848010402172804
0.534485110314563 0.00155088456813246 -0.617011695634574 -0.880457126535475 0.209874683059752
0.868737541371956 0.0353556533809751 -0.832747788634151 -0.533372506964952 0.511910256696865
0.828092834213749 0.275181028526276 0.35962442914024 -0.945512024918571 0.357601171825081
0.26408805558458 0.0569261109922081 -0.122019411064684 -0.552605174481869 0.838413888122886
0.877059757476673 0.367908931337297 0.148347301408648 -0.0582208924461156 0.718241290887818
0.516432660166174 0.344694483559579 0.135117743629962 -0.200606112135574 0.892075889278203
0.560870670946315 0.0414690504549071 0.71297916257754 -0.632875031558797 0.984041207237169
0.696154372068122 0.252436612499878 -0.805653755087405 -0.671874798368663 0.761674760142341
0.297806325135753 0.143002465949394 -0.655957265757024 -0.838143657427281 0.953829590696841
0.311903575435281 0.474388586473651 0.870267756748945 -0.792078454280272 0.753552772803232
0.138130349339917 0.0754010486416519 0.866585860960186 -0.421488443855196 0.644379226258025
0.74066946702078 0.208128263126127 -0.576225825119764 -0.546687325229868 0.250753437168896
0.706162959337234 0.433028726838529 -0.254585948307067 -0.124238126911223 0.701048755319789
0.0406858238857239 0.113831324037164 0.825474919285625 -0.497540436685085 0.95169677445665
0.660716001177207 0.489480340504088 0.684586263727397 -0.889870247803628 0.92272510426119
0.630573201924562 0.349311612197198 0.165235147811472 -0.373321452876553 0.176954480353743
0.381676141871139 0.354549612733535 -0.443037699442357 -0.678423332516104 0.447767786448821
0.576292276848108 0.147360216709785 -0.905869430862367 -0.670147510943934 0.621643581194803
0.100082452408969 0.12140469730366 0.205178017728031 -0.349961049389094 0.0547672391403466
0.0521050523966551 0.28867595619522 -0.500133578199893 -0.118893577950075 0.703996936557814
0.286592120071873 0.115461074281484 0.705616513267159 -0.742234573932365 0.672417679335922
0.0855768772307783 0.220609791111201 -0.0790149397216737 -0.707667582435533 0.423489837907255
0.748841730644926 0.232891889056191 -0.476503584068269 -0.0571995149366558 0.355798311298713
0.663094299845397 0.36863365676254 -0.952495495788753 -0.3181934482418 0.87755994615145
0.882163364440203 0.393205885309726 0.707492205314338 -0.090758727164939 0.35038944054395
0.349555535707623 0.294738228083588 -0.555311217904091 -0.82191767450422 0.772714765975252
0.0310030435211957 0.375974771217443 -0.378618850372732 -0.392331546870992 0.428305495297536
0.992169695906341 0.313598843873478 -0.680979325901717 -0.792659676866606 0.0947898020967841
0.986486379755661 0.0662251545581967 0.950273558031768 -0.566138401627541 0.318504139780998
0.188085215864703 0.0554071415681392 -0.623468864709139 -0.875107891624793 0.980057511944324
0.359626458026469 0.489140585297719 0.492985016200691 -0.205720834899694 0.00619009579531848
0.430946664419025 0.206501466454938 0.420746138785034 -0.209117638645694 0.797143378527835
0.11390431295149 0.479444875498302 0.550139571074396 -0.0435643191449344 0.7979260685388
0.725044113118201 0.396204528282396 0.623339543119073 -0.927634629188105 0.790901241824031
0.0278782399836928 0.324447955121286 0.454013962298632 -0.0674594915471971 0.566262892680243
0.880162041401491 0.310685360338539 -0.176531636621803 -0.0964103552978486 0.377576718339697
0.658311235718429 0.15043624129612 -0.262584022711962 -0.340423666406423 0.755418048705906
0.657333352370188 0.288818581495434 0.784154509659857 -0.920617992756888 0.902707763016224
0.521661173086613 0.42443938436918 -0.551277655176818 -0.904305565403774 0.406372155295685
0.405326620442793 0.465409003896639 0.357357274275273 -0.00677743670530617 0.762288959231228
0.889621397713199 0.314851608127356 0.800776059739292 -0.313556628767401 0.198279602685943
0.618416764773428 0.277487649815157 0.828491493593901 -0.462660684948787 0.337023491039872
0.614144006278366 0.0683130201650783 0.128758269827813 -0.548645483795553 0.552883373107761
0.145872728200629 0.35676952986978 0.843078425619751 -0.750791022321209 0.52987769478932
0.521998575888574 0.228445640997961 0.596550417132676 -0.677516024792567 0.686445506056771
0.296472101006657 0.140444944845513 -0.930347009561956 -0.652598526328802 0.761691683670506
0.698646358912811 0.0786038944497705 0.501524034887552 -0.216290833894163 0.291192899923772
0.912536365445703 0.372014712193049 -0.266382082831115 -0.553961466997862 0.885923612397164
0.468398665077984 0.00457562017254531 -0.743391124065965 -0.713135260157287 0.555030829040334
0.876285731326789 0.485237809596583 0.406102661043406 -0.608117867028341 0.147108980221674
0.429042152594775 0.250680513563566 -0.809931485913694 -0.950772369047627 0.0775839851703495
0.339681926183403 0.108394898590632 0.154482127167284 -0.4811742156744 0.852087022271007
0.783620432019234 0.429472590447403 -0.629389601759613 -0.768910128390417 0.653273124247789
0.0308931786566973 0.115651786676608 -0.412885603960603 -0.247389805968851 0.214100375073031
0.581867847591639 0.0607251840410754 -0.295446961186826 -0.590864786179736 0.646002708934247
0.344373516971245 0.371113832923584 0.634133437182754 -0.904278510715812 0.999209919013083
0.0985082134138793 0.268598887370899 -0.965146648697555 -0.469581765122712 0.351947393501177
0.659346293890849 0.325666799908504 0.562507250346243 -0.573553710011765 0.471062287921086
0.409467919496819 0.108561717672274 0.291865644045174 -0.593478744151071 0.876801382983103
0.109851486282423 0.262800536584109 0.237206839490682 -0.402008230565116 0.938849796075374
0.77580517437309 0.450901266536675 0.148979815188795 -0.343162017408758 0.196532339090481
0.917553441366181 0.103758170153014 -0.617801144719124 -0.650610725162551 0.864637964172289
0.487893489887938 0.0731935824733227 0.961168917827308 -0.63712599943392 0.898252824088559
0.510172815993428 0.172819165047258 0.183709940873086 -0.723169674165547 0.407879748381674
0.720502767013386 0.449218441732228 0.941644746344537 -0.787700633984059 0.209295934764668
0.341724941739812 0.112124482169747 0.959553936030716 -0.219212856842205 0.250543739646673
0.246205632342026 0.0121540582040325 0.579128389246762 -0.334998893085867 0.0998470881022513
0.973323642741889 0.374758221907541 -0.682036835700274 -0.0931755036581308 0.00431141932494938
0.699530690442771 0.477849872549996 0.539837493561208 -0.688523370306939 0.813893579877913
0.434413298498839 0.498308288748376 -0.908817682880908 -0.239774560090154 0.818356918171048
0.913291485281661 0.416110833524726 -0.133684881031513 -0.213993580313399 0.787872874876484
0.795171883888543 0.317936060484499 0.0860088169574738 -0.452126658987254 0.833612446673214
0.107079022563994 0.174836729303934 -0.293450267054141 -0.821375890867785 0.1117787680123
0.591111535904929 0.429113541031256 0.901017630472779 -0.884378852555528 0.607751633739099
0.682579012820497 0.36391463316977 -0.498176888562739 -0.909328295849264 0.426963137229905
0.929269459797069 0.048766704974696 0.92966545233503 -0.18808662914671 0.668809381313622
0.355647146701813 0.402872619451955 -0.0354684125632048 -0.0726103137712926 0.930086866952479
0.151461000321433 0.0202714619226754 0.464446309022605 -0.83938833931461 0.0349685787223279
0.858889789553359 0.244125497178175 0.711826240643859 -0.714362366124988 0.832758117467165
0.396164475241676 0.488945068325847 -0.326005499344319 -0.0401407000608742 0.306825735839084
0.489523557014763 0.32635224040132 0.130751582793891 -0.274724221089855 0.96438055858016
0.840850519016385 0.249021014198661 0.678055952303112 -0.66947997151874 0.535979324951768
0.704158640932292 0.213861053227447 -0.908164602238685 -0.709024354349822 0.150889150099829
0.207119000842795 0.189021613216028 -0.185145218390971 -0.299160795053467 0.134767425246537
0.887293104548007 0.436084350571036 -0.747919512912631 -0.0655602291226387 0.265994090819731
0.0965059073641896 0.103475514682941 0.269410288427025 -0.0985737007576972 0.158311063889414
0.701969146030024 0.0560573661932722 0.522780525032431 -0.728925309842452 0.929263580590487
0.669143749168143 0.15641747857444 -0.60684261424467 -0.0893028657883406 0.008030986180529
0.258248258149251 0.410312750842422 0.533343627117574 -0.724101407220587 0.670285756001249
0.628633553627878 0.181296981754713 -0.552135194651783 -0.32662812108174 0.240901018260047
0.64908697642386 0.051548489718698 -0.393625741824508 -0.987963521853089 0.251148601528257
0.441889442736283 0.369781846995465 -0.723768818657845 -0.777643685927615 0.797427646582946
0.356498871464282 0.427642163122073 -0.0142879225313663 -0.448266993975267 0.909174603642896
0.976463112514466 0.0341543982503936 -0.600107266567647 -0.618601377820596 0.162383804330602
0.615303362952545 0.170587498811074 0.183162305969745 -0.782213537720963 0.535869486164302
0.00622057821601629 0.000344388419762254 0.40549293672666 -0.729139485629275 0.0253867730498314
0.583033947274089 0.363169708987698 0.570488957688212 -0.375498982844874 0.801224331604317
0.847408939618617 0.485531986458227 0.298135214950889 -0.0666974559426308 0.0063019662629813
0.725969143444672 0.132553880568594 0.633618287276477 -0.753788110567257 0.659591082716361
0.0322415148839355 0.257596257026307 0.432186963036656 -0.516688889823854 0.792434418341145
0.651885441737249 0.29127159959171 0.226248442195356 -0.531468857079744 0.709419967606664
0.150309561984614 0.4806637003785 0.437525700777769 -0.434097850462422 0.838000030489638
0.950689723715186 0.489984968560748 -0.942314994055778 -0.389689869014546 0.247378099709749
0.622138425474986 0.418840773054399 0.61716625560075 -0.924393134657294 0.262587838806212
0.326293527381495 0.202432445599698 -0.725633803755045 -0.051203970098868 0.876393057405949
0.918637020047754 0.421955503872596 -0.978309531696141 -0.488557758042589 0.0358785386197269
0.454080912517384 0.150556498323567 0.241000761743635 -0.210216834908351 0.586576677160338
0.265871519688517 0.489226629841141 0.294072281569242 -0.72266687778756 0.474743284052238
0.692600641166791 0.245072333374992 0.410736629739404 -0.423234842484817 0.704375984612852
0.0545285844709724 0.387783376616426 0.704120272304863 -0.0503053311258554 0.517986038466915
0.64068402396515 0.134933397755958 -0.267280081287026 -0.346570779103786 0.188242524396628
0.0132352695800364 0.256560303852893 0.910465616732836 -0.285163661697879 0.95394113752991
0.892284215660766 0.335688948398456 0.683977365493774 -0.505292038666084 0.254923320841044
0.278919998556376 0.375285960966721 -0.381554650142789 -0.100992819527164 0.269704420818016
0.756581423338503 0.343942032312043 -0.739424277562648 -0.845279099186882 0.230368897086009
0.223711055004969 0.0586866701487452 -0.6135931648314 -0.446982919471338 0.0279521958436817
0.483189384685829 0.454558886005543 -0.324607844464481 -0.876904098782688 0.871003882959485
0.0836760734673589 0.0113368739839643 0.980107296258211 -0.205217702314258 0.84460716904141
0.807425978593528 0.393755687982775 -0.719742150977254 -0.849459728226066 0.0580231994390488
0.275091470219195 0.397983466507867 0.774334910791367 -0.00298091024160385 0.455330529017374
0.372055082349107 0.247876561013982 0.786591531243175 -0.700037557864562 0.613564307801425
0.560717926826328 0.471623594756238 -0.924807308241725 -0.774412449914962 0.374173233751208
0.225366397062317 0.495247643673792 -0.480518223252147 -0.393132967175916 0.790617175400257
0.142458159709349 0.083238082122989 -0.290511536411941 -0.446142512373626 0.0760582801885903
