-11.61
8.13
-20.08
18.17
14.13
-5.46
2.70
-7.34
-8.52
-3.69
7.64
5.69
3.11
5.74
-23.36
8.75
10.06
1.45
-7.56
-0.90
2.90
0.30
-18.93
7.66
-20.08
-0.68
5.24
4.89
-1.02
-3.74
-14.35
-3.62
-0.25
-1.70
-3.72
-4.45
-0.72
-17.23
-1.91
-17.06
0.38
-6.62
-0.14
0.60
-5.94
-4.68
-11.21
-8.38
3.36
7.96
15.66
-11.34
-1.39
10.14
1.25
12.07
-14.70
-16.10
11.82
-13.94
5.10
16.95
8.56
2.39
8.54
-7.06
6.72
-3.73
11.00
13.12
-1.61
-13.84
-9.42
7.65
-10.72
-17.68
10.62
-1.48
-14.68
-18.79
6.20
7.94
-9.18
14.14
12.54
-6.03
10.74
21.99
7.48
7.85
4.90
12.18
6.95
0.27
4.79
-13.02
-10.56
-21.05
-10.28
-13.06
