-9.33756278156435 -4.07073327531924 2.2910891783712 -1.06865546385791
-23.6121608086928 11.4399959661402 -10.2703393163664 7.7542392124809
3.49710185434844 -7.16871461381433 12.9602929498138 14.134488184052
-0.700719906509178 2.48223905020254 2.96351303995074 8.38631825402032
-10.2543206183293 -3.02459591484381 -5.64972130063255 7.65842894188306
3.54525103152861 -0.441050638171103 5.64403155099781 10.4382169215894
-8.7799110828143 8.09956947528286 -0.25225459867236 10.770812413406
-5.01620715140157 -0.867229762201949 -9.55872356882902 8.57542888975977
-6.2270845255015 21.8114890770798 3.8771393860492 15.0076066001433
10.323840809426 -1.30412021534633 5.31815387406951 8.79121731423952
-5.2454961326718 -14.9737830052702 13.5654368288823 -4.57523708504912
-9.4584577727119 19.9083791341453 4.98617962131099 8.20723020665344
-2.41441018409853 -3.20973868841137 -11.4514376523055 7.42514893911493
9.49547967668107 5.5050833441459 5.13947138162872 -10.6164746132893
-19.8712524154231 8.43528571347343 28.3407385908752 4.87951906652414
-13.6844669183304 15.7040822606328 -17.5136384233912 -4.7612228214841
4.22353795038159 -1.15886730724411 11.291770322763 2.69640249228382
-0.679379548715652 3.80912032573662 -15.4288526359332 15.2522573278736
14.7973201208692 -17.9733211366591 -1.88773485467852 0.515449450860213
-7.93472930469913 9.89413560491636 -1.0011133797714 6.15472339467637
9.80681096332627 -2.29353176332009 -1.00953512064193 15.1578379459253
3.80721374905968 -5.01419788817381 5.95665797175584 0.535280255928511
8.10285863051954 10.7518359514528 18.3482285681985 6.29960585522685
5.45146312230493 6.13881076710966 0.62799324932582 5.87836986126324
6.78586197641427 0.54264652976665 -10.0826875865609 -11.8869429577177
-2.04699821225908 -25.9407543576112 -3.72278068206863 -8.28365400016343
8.13487276929634 -8.51453009914219 -25.3072590667523 5.28652190345067
-3.63842778387263 6.44729927829869 25.4884625383321 -14.1394119695496
27.3428885866655 8.22031040284981 -16.2313141674165 13.9712642614789
8.62291859670251 -4.98704175751734 2.05321231213598 4.72569335345058
-8.86051162749892 14.9238999896521 -1.78701139787405 16.5811689632103
-8.22523566553747 5.22740563974541 -13.2237778273109 6.88159428547705
-25.7296163873251 -1.27586127854158 3.40728792435505 6.76472684089082
-2.94386933551962 1.24556799751366 7.19028933290294 -7.20470244458711
10.4532445121608 -3.51735887242442 -9.15729865559916 7.89524068215221
11.9809832718772 -4.18152578493709 6.7436913724272 7.38623479282802
7.96972415737099 -3.83852044458562 26.0401980737167 2.66661258676167
0.302047102602655 -10.9817060619797 -4.48304646814553 -13.6086705800877
-9.12337208414656 12.2335798600954 -12.036459623111 -11.5429998628568
-12.6573380470806 21.6653631020023 -18.9630055640866 7.34114956458863
-0.684509989719063 1.49636478352498 -0.680486799429132 -16.5077431885948
-9.72425136285589 -13.1374450203554 1.18851600071006 -16.4535922667827
-10.8486248640397 4.26168901292292 8.8766453702688 6.55265640279889
3.66628877159393 -5.17019946223647 6.49698047401422 2.41591638503507
-3.96469038479379 -24.1901551618092 6.27199630059035 0.794200238103733
-11.9820775808616 8.13324002969895 3.29793725469822 10.1705568567842
-9.46665896811361 10.8321505430811 -6.13708284605672 7.61034560747077
13.9196628067025 2.07951736573344 8.39056708182037 2.94327163926056
-10.6485377334638 -14.5418348958628 -18.1302415971386 -8.79661285342499
-9.27119372719732 2.92567815113122 -12.1241399388829 1.70495728171839
8.3575663477252 -3.04195883582378 15.9541905488681 -4.6167105590986
13.6957331301903 -3.67091716336234 -19.8921999207888 19.3366398099389
5.92614615714246 -1.83632072755378 1.75193225312696 -11.5682096350153
-6.67849210977681 -1.10690202820535 8.74098261603662 -5.55079932775962
11.5474412546992 -15.9093984027845 -3.95482689628471 -4.01037402101394
7.64103554531224 0.710724104444273 -3.96762647540164 -22.2840830231595
-0.129261080144889 7.42955437046119 -0.285690726716915 -3.88018745943914
6.77453839918229 -5.87925444440683 7.47009051209776 0.89031640017007
18.5435554735134 -4.29113276809526 8.22280344947209 24.2965569584093
0.808702793939399 8.82070164339998 9.97752273270521 2.25478229530365
-6.77108251007521 -18.4393705539477 12.3564509600718 0.248500642024273
1.46201696358578 -5.77500311197532 -7.57271633545335 22.4359542243556
10.9700392933913 -1.86831328494082 -5.2707151459613 -9.15293864989564
-19.2849177521698 -6.65557297522324 17.0416730382792 -1.42908499883087
-10.4452484319407 29.6094692265782 0.468392162487656 -8.18231723067782
-3.008256460265 4.03383956434501 12.3019208353759 -7.86009107379978
8.85565249754697 6.75570785907423 8.75149191129345 9.20363138529853
-0.0997577323462481 3.50227530472307 -4.79657593867751 -5.93779422596478
11.704431636659 -7.06999554790439 -6.95125325804673 -5.81168673227075
-1.3292432494723 0.624824426124148 7.03422171574485 1.75817572737062
-2.29706021591122 -14.582914125093 -9.74784262768482 -2.65362637528518
-13.1099489736433 6.39621636994591 -3.59388995308682 4.33068398493876
15.4674567264386 6.47235260991461 2.80224163292216 -3.03180839153793
-13.9682815675714 9.70726869735783 6.76677239360908 -20.0136989353648
-10.6000776189294 11.1130298969849 10.5200275696755 -1.78576321905146
-1.40733603023279 1.82586483666719 7.46872641178566 -11.1781685932175
-2.85282749939647 9.44515571132477 -2.6821310029076 4.3138032951685
15.8324999100593 0.872221192809773 1.87025326640152 11.4230678074268
8.68418327100349 2.98983778845321 -5.24174204326601 14.5662570280722
-10.7986085874997 2.73099167719603 1.38822703146475 -16.122266894114
-25.4741032214266 7.35783137449106 7.76556949601387 5.43189873709324
-6.49771451827308 9.86842363748321 4.59822822284374 -0.900567794585907
6.96252330778835 12.5934068805467 1.24152777917332 -5.52115065796094
-0.434477225641189 12.1886997824274 -5.36951161151628 -24.8684509402519
8.1554181265707 -2.27137597653651 8.98229456974026 -4.22807018741498
-5.98753339124417 -9.02190998987391 -12.7764861151219 -4.02738132427624
4.59287383985206 10.2831120345609 11.1128155361289 -20.4426876763329
-20.3700194078746 -1.58111094190109 14.4907476917619 9.31583401763445
-9.52160504008197 0.548043941932307 -6.0347310794764 3.00447746287127
-22.053386157298 -3.10349215724179 0.367313820143373 2.21632793709243
5.45764276355519 -0.997670177045408 -1.48453949333747 -3.70463526690673
-5.23555771639253 -6.54358391767441 -13.3759410199618 -12.7351953087151
11.6076217807922 11.9782448211222 -1.72420716507239 -3.33089959479035
-10.9174802212712 -8.04649578885992 -4.57590622161444 1.52382868532758
-11.3051418972862 -14.6416546799496 6.15332464636272 -4.36516697029737
14.465759463772 -10.0987512703208 -17.1457241975522 -11.5511755553541
4.13246710737904 7.05807590890644 -5.33039898868503 12.8912792975772
-1.90148188034987 18.1267768090912 -0.526577228105719 3.67284902856692
9.63989505262333 -5.42434831736238 -22.325120153525 7.23104663050891
5.3788811607681 -10.7141895885689 -0.566061388586633 5.29946375100631
-3.30301613037421 3.69218494233532 7.70484054533662 -14.9171010500703
-8.75825596774149 -10.583536115388 -8.75300569838886 -1.9368315703273
2.00644116113567 -22.2212382561624 7.97349126258914 1.18740009145182
20.1382270791893 19.0038932281755 4.64831609969023 5.16636731238378
9.2814860201044 9.9974030597648 2.89111904423185 -14.8559943537913
-0.664392208148463 11.8940094819211 0.0622910761098917 14.5367157403705
-1.61260035755881 -1.81878254560215 13.9442495073477 -4.32746578138883
9.06691739574465 -12.7511604796605 -7.88282803050185 1.55158498740743
-12.598674952465 2.42480580301472 3.50486299260825 6.18566419939635
-0.138450736913954 -15.3532927246527 15.4804395054178 -5.94074509068682
16.615670461444 12.4638243529337 -1.95844755065982 9.39611902630143
-0.750885682922093 -14.7454985383433 20.1251600803562 -4.50043505667045
-2.87818683751463 8.85947840223827 -9.83187249407203 -22.5986161162668
-1.31479771009095 -2.30454138464223 -4.78120311501445 -20.2244932784514
14.1257328818354 -4.24302716804499 -19.6455356796376 -11.1139876987063
6.18276963762 2.97831079876297 4.8892381334513 4.30662860959649
-6.13136414728045 6.16927019683634 5.32073713629046 -28.4691416636969
4.02970461073244 -26.7931474690823 -13.6823182438783 4.50730674539239
-10.9513404110072 -0.324665224717502 -3.32011669687367 -12.2043254261109
9.82319213438457 -10.6954992118131 3.31422720739824 -7.87571405975171
9.27711128999269 7.87394492842287 2.16495289589063 -21.3382129265023
7.14020806173671 15.421138092406 2.47570138094822 -2.07225377008712
15.8386331040984 -11.9588930163933 -20.3958504692362 -5.9545304261494
7.85399137403914 8.343430938253 3.60019531391515 8.87112410961146
-21.4598586136617 -1.22689685754219 -3.00888950375133 4.21803067179741
3.21409671318099 -9.9963904232194 -5.04412613980854 -6.29553175625155
-8.64516678826703 -1.37336727541682 -4.75620906631199 -2.15972124603576
9.95143410398612 20.739735279075 -21.3617952753552 2.35123474066349
-3.4503024756083 12.2499821956166 14.4773832075073 -4.57535468654565
12.2941130675133 -4.42691316266601 5.93185098284393 -0.259953867384964
-10.7772703594207 -6.09358056930441 -17.7252101472872 3.04400988926689
2.62926874937154 18.2729302626139 -13.9450099779987 2.40441152975465
-7.97076360346028 0.311761930042838 -13.12332986338 12.8272354578028
-4.02362706221649 -5.36125355379072 5.15863045512985 12.2596123731235
-8.52176486247844 13.7662283242585 -5.19608849402944 -8.14863952082009
15.8845806069721 13.9371593823152 -2.32439912375417 -4.68053211161709
9.09080547194645 -11.1549968736538 -3.70283818903804 6.52944004084591
-12.4506863430646 6.66789246687937 15.7346578912321 2.85382236423097
23.0917501603942 7.46706910869944 -10.6447661987882 -6.66314399163587
14.1875367908709 -5.50543218965551 -5.88867575459347 -2.40122854664464
-5.8217913309369 7.03374060684884 7.55810925926259 38.6494886724971
-15.1198527082563 -3.9697540414028 0.247202682551078 6.398046695854
-2.6358092983515 11.7852808374981 -13.7190833055922 4.06363289465593
16.3986106123743 7.84843162603814 -2.08224359800408 3.01049587407142
-16.3747583753007 -6.77665940342664 3.63462518942217 14.5355524810537
0.580798132648302 15.6443507390214 -10.0464991599138 -5.88953852625711
-25.8374541623264 12.2947350857739 -9.99587235039247 5.5384585439077
7.99225989910535 18.1915353588919 -4.82167096260897 -8.71566061550889
20.8953375114754 -3.56333917459747 9.76289216633988 4.89865876550872
-7.56331083229969 -2.85285400287634 9.93607832550864 7.31866761994961
8.60115925550559 -11.9555186123627 -5.13129639016257 6.07199015620203
15.1135935276395 7.63454569431012 0.844683448230281 4.36410038789193
-4.3671073800667 1.9756185783904 -2.33777004135515 4.92279553498007
9.0418945503877 13.7189898716194 -1.90878273932176 -16.9690289823881
-3.56005255494913 1.64817600057089 -0.730046344663567 0.282642626870629
10.082191519603 1.22960338869634 -4.01662698170555 -10.195194174068
7.51555808952148 1.89901160712466 1.73374971956812 -1.97334810444712
11.7471402741891 0.474732722822801 1.1933888682069 -8.74702123743439
-1.94164064484649 1.51951322803631 -2.13745507671787 9.69053760030304
-9.21587531480888 10.1926337546531 -10.2371081472402 0.887082485994491
