-1.25 4.51 2.32
0.99 -3.44 -3.44
-4.42 3.66 1.01
2.08 -4.79 4.70
3.32 -2.88 -3.18
-3.17 -1.96 0.25
-0.68 -2.09 1.12
-3.61 -2.08 -1.34
-0.44 2.85 -3.00
0.14 0.92 -4.54
1.08 -3.29 -4.35
4.49 4.66 3.08
-1.95 -4.02 1.84
-0.60 -3.78 -0.05
-4.66 4.09 -2.41
1.63 -1.88 0.20
0.47 -3.15 4.70
2.75 4.39 3.95
0.98 4.22 -4.12
-3.04 -4.55 -1.75
-1.11 -2.29 3.29
-1.43 -2.19 0.43
-3.59 3.02 -4.25
4.87 2.72 -3.01
-4.94 3.15 2.07
2.29 2.71 -4.26
-1.42 -3.84 3.63
1.23 -1.69 -4.36
-1.89 -1.75 2.30
1.38 3.87 -0.28
-3.80 2.13 2.61
0.61 2.71 -0.06
0.23 -0.72 -4.75
-3.92 -4.69 1.36
-1.86 0.09 4.08
-2.51 -0.90 2.56
-2.71 -4.23 -2.10
-3.39 4.30 3.08
1.33 3.71 3.04
-3.13 3.93 0.39
3.07 3.96 -1.82
-3.90 -2.72 -0.73
3.18 3.61 -4.93
0.11 -0.83 -2.78
-3.80 -1.62 4.43
-1.77 0.19 2.03
-1.36 4.72 4.62
-2.48 -0.03 -1.99
-2.15 -4.63 1.10
0.03 -4.49 -2.21
4.08 -2.60 -3.55
-0.11 4.86 -2.58
1.72 2.62 -2.62
2.28 -1.32 1.32
1.34 0.36 -4.10
3.35 -1.79 -3.13
-4.59 0.91 1.78
-4.83 0.12 -2.74
1.45 -3.26 1.91
-1.13 4.37 -3.62
-1.59 -3.87 4.25
3.77 -2.42 1.60
3.17 0.55 0.30
-2.58 -4.07 3.97
4.00 1.33 -1.61
-1.51 2.26 3.97
3.87 2.80 1.42
-4.16 -3.38 3.99
1.06 -4.91 -3.99
1.64 -4.95 -3.39
0.49 1.92 1.52
-2.76 2.12 -2.63
-1.75 2.46 1.50
3.49 1.58 0.68
-4.06 -1.32 -2.35
-2.56 4.73 -1.07
3.92 1.31 2.95
0.03 0.77 -0.07
-3.05 2.22 -2.19
-4.76 1.45 -3.23
4.40 4.54 4.15
-1.30 -4.85 4.28
-0.72 4.67 4.64
3.53 -2.06 -1.15
3.51 -1.83 -3.31
0.57 4.36 1.96
0.70 -4.03 1.15
4.90 -3.60 0.18
3.77 2.41 1.97
2.02 -1.41 -2.06
3.09 3.10 3.67
4.13 0.11 0.02
2.98 1.50 2.02
2.96 3.90 -1.62
-1.24 -4.06 0.78
-4.64 -0.34 0.43
-2.13 0.91 -4.69
-4.63 3.23 -1.40
-3.73 0.22 2.70
-2.84 1.23 -4.15
